0
140878748871838399370647269088280883027068214702194507012171920571488261592537044076117333235348751107486440965708157563426727963154308016953824805253123487535039082602348789063074349467954854475757574613441064463617860790996503259890247392969388329488700279109459239234950314827331779316780394572310284806325883841408803563251140612567731163410012003078067191083016039365535436888375350319337808697818713414863862270116177188395378477557575245942567038625519696392676590610668524241621557675250143224861217004089895748661308732971190843740244051624861081941390530523568752982127852726369128747224487308139883554539811335529740473687260629096870935907475209492789226529774351548495507419263279277593954527668617841891614406882570550642706589178129404169787500283512363353838140499198681498263710038084213223030194501321424195150769310046186045522913440465349099260899227498742751271803913144327751638965145944694500617746998
100
200
300
400
500
600
700
800
865611810407615817165031448843179189091044911993151979317447276188161863026380150172838518101418350997129489829164782568542055953635218150265785961270648004131525104215452641068012517247001246648539647650283162953051966413027060281438925343157394966156149726682807074380333127393162436567197394666485511473991347753931766176413851868420103869055459081239325145714424552709477484265591596400182322768833293388721306656747470902645956747134686690612777787700823979230828666946927114594543956496015214122446195989402066824050803228149926203610600830422442046190695883573403941656450800231776741820543577030212026015132962901408851474926535818372484368712780815353868536478057663268131155017503464294158781413133506568648054452901925588375807550525999791202867443137892100780128964507575137057752286771090472566802016216237189443765790350719277692198795546764514582996644865486490365095115005405510042348043766912557603648832582
900
1000
1100
1200
1300
1400
1500
1600
1700
304621857611731913171490150030259508823346829026469901412217263829796698375357255956456747321338286230164409723805219417820804713020447139586210194642346602253086107257254631074820626520645498216332749383394882839995142273188347084310332653559906864118691464458109142415753367453988571203031221251391427728886350799203620627086262569157529151015644152211906985038672162351871827299391005752354046153473386388309914329978786139489066520345597896304124831992018131509808202639589141144746192497666917762882466546693453730163407607422301973707426382313829998105059991477467451793871302844435660122776436274217517884297822807865097865292322050268025740646299550153667400764201043173275346081913107123746165310059839690305592048826417678660188649103311377591623630862552575515704595588099956928936018319137735861542697004161403129582085629255645100540755531638464011727570157565341882081557916963744926424844364122494442466009164
1800
1900
2000
2100
2200
2300
2400
2500
1469446348343542774132836267289820107841511803767680556161060190707883852665842951665829654434475443661784191824513832447698443529660007710754965802595060086648218399436217934584941134115582922547542315269693220160838242429912540649600577075805845043240684059335886184140635138855760712260478496508428686258765213014219881061490606971442779468078522687379676732641827206667305939910939897249218701433856979250470226257068847062750824898523610049585645896236795717413079022617461735273008107948475014671748401395288823923256551880351840572369533244010331383190160246986532132696855004834949493631855614310179174052279340176791663286313496587624326314565551343567300116407124001804739508055368452205118424888727438826968365805152723035741214217737992679709753039877015681540773639762930376416631702911125305554879285284404651857084130882531580948338574492386089539384353621571693872755072715104207205402046629872909191707810350
2600
2700
2800
2900
3000
3100
3200
3300
382906116429151986621033038573075005121003294367227315097203127342483702177736546602457461397182115905896321235082996143486438858218807011896537679047634899392068741603042618828747282963293382465277938056979878286851751757332293052605906552727602151639313780818838634436875726172316427716514871757894454040323919510126104520911643949647844511228126876123397810526966632783982856562600135412137383204558390570377892619069939597467151069405318216303557623296274480394516724798441561736700410255611487516885837740064863034276976477458743001847192015170027612429354416534844448145612983011844634010821836179829481014006823771109003032715191234361341428157945396550225568217780200132421030980772336284293347099579396584978321139442865968158032045595756213925755522428076408406995543689210884390006228024868756413784308408241787149843656597796895203914710580246695912972876776116705877896689164749093273779077071880935471865524688
3400
3500
3600
3700
3800
3900
4000
4100
140878748871838399370647269088280883027068214702194507012171920571488261592537044076117333235348751107486440965708157563426727963154308016953824805253123487535039082602348789063074349467954854475757574613441064463617860790996503259890247392969388329488700279109459239234950314827331779316780394572310284806325883841408803563251140612567731163410012003078067191083016039365535436888375350319337808697818713414863862270116177188395378477557575245942567038625519696392676590610668524241621557675250143224861217004089895748661308732971190843740244051624861081941390530523568752982127852726369128747224487308139883554539811335529740473687260629096870935907475209492789226529774351548495507419263279277593954527668617841891614406882570550642706589178129404169787500283512363353838140499198681498263710038084213223030194501321424195150769310046186045522913440465349099260899227498742751271803913144327751638965145944694500617746998
4200
4300
4400
4500
4600
4700
4800
4900
5000
865611810407615817165031448843179189091044911993151979317447276188161863026380150172838518101418350997129489829164782568542055953635218150265785961270648004131525104215452641068012517247001246648539647650283162953051966413027060281438925343157394966156149726682807074380333127393162436567197394666485511473991347753931766176413851868420103869055459081239325145714424552709477484265591596400182322768833293388721306656747470902645956747134686690612777787700823979230828666946927114594543956496015214122446195989402066824050803228149926203610600830422442046190695883573403941656450800231776741820543577030212026015132962901408851474926535818372484368712780815353868536478057663268131155017503464294158781413133506568648054452901925588375807550525999791202867443137892100780128964507575137057752286771090472566802016216237189443765790350719277692198795546764514582996644865486490365095115005405510042348043766912557603648832582
5100
5200
5300
5400
5500
5600
5700
5800
304621857611731913171490150030259508823346829026469901412217263829796698375357255956456747321338286230164409723805219417820804713020447139586210194642346602253086107257254631074820626520645498216332749383394882839995142273188347084310332653559906864118691464458109142415753367453988571203031221251391427728886350799203620627086262569157529151015644152211906985038672162351871827299391005752354046153473386388309914329978786139489066520345597896304124831992018131509808202639589141144746192497666917762882466546693453730163407607422301973707426382313829998105059991477467451793871302844435660122776436274217517884297822807865097865292322050268025740646299550153667400764201043173275346081913107123746165310059839690305592048826417678660188649103311377591623630862552575515704595588099956928936018319137735861542697004161403129582085629255645100540755531638464011727570157565341882081557916963744926424844364122494442466009164
5900
6000
6100
6200
6300
6400
6500
6600
1469446348343542774132836267289820107841511803767680556161060190707883852665842951665829654434475443661784191824513832447698443529660007710754965802595060086648218399436217934584941134115582922547542315269693220160838242429912540649600577075805845043240684059335886184140635138855760712260478496508428686258765213014219881061490606971442779468078522687379676732641827206667305939910939897249218701433856979250470226257068847062750824898523610049585645896236795717413079022617461735273008107948475014671748401395288823923256551880351840572369533244010331383190160246986532132696855004834949493631855614310179174052279340176791663286313496587624326314565551343567300116407124001804739508055368452205118424888727438826968365805152723035741214217737992679709753039877015681540773639762930376416631702911125305554879285284404651857084130882531580948338574492386089539384353621571693872755072715104207205402046629872909191707810350
6700
6800
6900
7000
7100
7200
7300
7400
7500
382906116429151986621033038573075005121003294367227315097203127342483702177736546602457461397182115905896321235082996143486438858218807011896537679047634899392068741603042618828747282963293382465277938056979878286851751757332293052605906552727602151639313780818838634436875726172316427716514871757894454040323919510126104520911643949647844511228126876123397810526966632783982856562600135412137383204558390570377892619069939597467151069405318216303557623296274480394516724798441561736700410255611487516885837740064863034276976477458743001847192015170027612429354416534844448145612983011844634010821836179829481014006823771109003032715191234361341428157945396550225568217780200132421030980772336284293347099579396584978321139442865968158032045595756213925755522428076408406995543689210884390006228024868756413784308408241787149843656597796895203914710580246695912972876776116705877896689164749093273779077071880935471865524688
7600
7700
7800
7900
8000
8100
8200
